84,36
84,35
3,2
3,1
3,3
10,70
10,201
10,258
10,138
10,274
10,297
10,157
10,187
11,7
11,9
11,15
11,11
11,5
11,3
9,5
9,2
9,3
8,8
8,10
8,14
8,5
8,7
8,2
8,3
0,390
69,8
69,7
69,6
69,5
69,4
69,3
69,2
69,1
69,0
68,4
68,3
68,2
68,1
68,0
67,3
67,2
67,1
67,0
66,9
66,8
66,7
66,6
66,5
66,4
66,3
66,2
66,1
66,0
65,6
65,5
65,4
65,3
65,2
65,1
65,0
63,4
63,1
49,4
49,3
49,1
48,4
48,1
46,4
46,3
46,1
38,6
38,5
38,4
38,3
38,1
34,4
34,3
34,1
33,4
33,3
33,1
32,7
32,6
32,5
32,4
32,3
32,1
31,3
31,1
30,3
30,1
20,3
20,2
20,1
19,3
19,2
19,1
14,4
12,3
12,2
12,1
11,27
11,26
11,25
11,24
11,23
11,22
11,20
18,1
18,3
14,1
14,5
